25
25
0 1 1.43 #F1C40F
0 25 1.72 #E74C3C
1 2 1.1 #2ECC71
1 26 1.68 #E74C3C
2 3 1.8 #E74C3C
2 27 1.17 #2ECC71
3 4 1.2 #2ECC71
3 28 1.43 #F1C40F
4 5 1.99 #E74C3C
4 29 1.89 #E74C3C
5 6 1.76 #E74C3C
5 30 1.67 #E74C3C
6 7 1.26 #2ECC71
6 31 1.4 #F1C40F
7 8 1.36 #F1C40F
7 32 1.58 #F1C40F
8 9 1.37 #F1C40F
8 33 1.9 #E74C3C
9 10 1.39 #F1C40F
9 34 1.49 #F1C40F
10 11 1.39 #F1C40F
10 35 1.11 #2ECC71
11 12 1.14 #2ECC71
11 36 1.11 #2ECC71
12 13 1.66 #F1C40F
12 37 1.56 #F1C40F
13 14 1.95 #E74C3C
13 38 1.43 #F1C40F
14 15 1.63 #F1C40F
14 39 1.8 #E74C3C
15 16 1.28 #2ECC71
15 40 1.96 #E74C3C
16 17 2.0 #E74C3C
16 41 1.99 #E74C3C
17 18 1.24 #2ECC71
17 42 1.24 #2ECC71
18 19 1.26 #2ECC71
18 43 1.59 #F1C40F
19 20 1.13 #2ECC71
19 44 1.05 #2ECC71
20 21 1.73 #E74C3C
20 45 1.8 #E74C3C
21 22 1.86 #E74C3C
21 46 1.21 #2ECC71
22 23 1.18 #2ECC71
22 47 1.03 #2ECC71
23 24 1.58 #F1C40F
23 48 1.94 #E74C3C
24 49 1.41 #F1C40F
25 26 1.52 #F1C40F
25 50 1.74 #E74C3C
26 27 2.0 #E74C3C
26 51 1.41 #F1C40F
27 28 1.44 #F1C40F
27 52 1.13 #2ECC71
28 29 1.67 #E74C3C
28 53 1.21 #2ECC71
29 30 1.53 #F1C40F
29 54 1.09 #2ECC71
30 31 1.84 #E74C3C
30 55 1.52 #F1C40F
31 32 1.47 #F1C40F
31 56 1.68 #E74C3C
32 33 1.36 #F1C40F
32 57 1.18 #2ECC71
33 34 1.4 #F1C40F
33 58 1.13 #2ECC71
34 35 1.6 #F1C40F
34 59 1.72 #E74C3C
35 36 1.62 #F1C40F
35 60 1.53 #F1C40F
36 37 1.29 #2ECC71
36 61 1.49 #F1C40F
37 38 1.68 #E74C3C
37 62 1.21 #2ECC71
38 39 1.66 #F1C40F
38 63 1.55 #F1C40F
39 40 1.04 #2ECC71
39 64 1.32 #2ECC71
40 41 1.73 #E74C3C
40 65 1.15 #2ECC71
41 42 1.27 #2ECC71
41 66 1.67 #E74C3C
42 43 1.43 #F1C40F
42 67 1.44 #F1C40F
43 44 1.88 #E74C3C
43 68 1.12 #2ECC71
44 45 1.42 #F1C40F
44 69 1.76 #E74C3C
45 46 1.45 #F1C40F
45 70 1.59 #F1C40F
46 47 1.46 #F1C40F
46 71 1.65 #F1C40F
47 48 1.96 #E74C3C
47 72 1.69 #E74C3C
48 49 1.75 #E74C3C
48 73 1.69 #E74C3C
49 74 1.53 #F1C40F
50 51 1.05 #2ECC71
50 75 1.83 #E74C3C
51 52 1.35 #F1C40F
51 76 1.56 #F1C40F
52 53 1.56 #F1C40F
52 77 1.13 #2ECC71
53 54 1.26 #2ECC71
53 78 1.98 #E74C3C
54 55 1.97 #E74C3C
54 79 1.06 #2ECC71
55 56 1.55 #F1C40F
55 80 1.99 #E74C3C
56 57 1.8 #E74C3C
56 81 1.11 #2ECC71
57 58 1.96 #E74C3C
57 82 1.79 #E74C3C
58 59 1.59 #F1C40F
58 83 1.84 #E74C3C
59 60 1.43 #F1C40F
59 84 1.34 #F1C40F
60 61 1.08 #2ECC71
60 85 1.06 #2ECC71
61 62 1.81 #E74C3C
61 86 1.07 #2ECC71
62 63 1.45 #F1C40F
62 87 1.46 #F1C40F
63 64 1.26 #2ECC71
63 88 1.18 #2ECC71
64 65 1.87 #E74C3C
64 89 1.15 #2ECC71
65 66 1.58 #F1C40F
65 90 1.96 #E74C3C
66 67 1.34 #F1C40F
66 91 1.65 #F1C40F
67 68 1.68 #E74C3C
67 92 1.78 #E74C3C
68 69 1.71 #E74C3C
68 93 1.73 #E74C3C
69 70 1.8 #E74C3C
69 94 1.4 #F1C40F
70 71 1.66 #F1C40F
70 95 1.98 #E74C3C
71 72 1.26 #2ECC71
71 96 1.21 #2ECC71
72 73 1.74 #E74C3C
72 97 1.32 #2ECC71
73 74 1.39 #F1C40F
73 98 1.4 #F1C40F
74 99 1.36 #F1C40F
75 76 1.63 #F1C40F
75 100 1.34 #F1C40F
76 77 1.69 #E74C3C
76 101 1.83 #E74C3C
77 78 1.82 #E74C3C
77 102 1.03 #2ECC71
78 79 1.75 #E74C3C
78 103 1.66 #F1C40F
79 80 1.86 #E74C3C
79 104 1.59 #F1C40F
80 81 1.41 #F1C40F
80 105 1.12 #2ECC71
81 82 1.32 #2ECC71
81 106 1.31 #2ECC71
82 83 1.48 #F1C40F
82 107 1.74 #E74C3C
83 84 1.87 #E74C3C
83 108 1.32 #2ECC71
84 85 1.14 #2ECC71
84 109 1.06 #2ECC71
85 86 1.03 #2ECC71
85 110 1.63 #F1C40F
86 87 1.06 #2ECC71
86 111 1.84 #E74C3C
87 88 1.01 #2ECC71
87 112 1.68 #E74C3C
88 89 1.46 #F1C40F
88 113 1.29 #2ECC71
89 90 1.53 #F1C40F
89 114 1.11 #2ECC71
90 91 1.74 #E74C3C
90 115 1.16 #2ECC71
91 92 1.5 #F1C40F
91 116 1.4 #F1C40F
92 93 1.26 #2ECC71
92 117 1.61 #F1C40F
93 94 2.0 #E74C3C
93 118 1.86 #E74C3C
94 95 1.91 #E74C3C
94 119 1.17 #2ECC71
95 96 1.86 #E74C3C
95 120 1.37 #F1C40F
96 97 1.37 #F1C40F
96 121 1.37 #F1C40F
97 98 1.53 #F1C40F
97 122 1.82 #E74C3C
98 99 1.91 #E74C3C
98 123 1.74 #E74C3C
99 124 1.83 #E74C3C
100 101 1.05 #2ECC71
100 125 1.35 #F1C40F
101 102 1.28 #2ECC71
101 126 1.44 #F1C40F
102 103 1.86 #E74C3C
102 127 1.43 #F1C40F
103 104 1.3 #2ECC71
103 128 1.29 #2ECC71
104 105 1.32 #2ECC71
104 129 1.54 #F1C40F
105 106 1.64 #F1C40F
105 130 1.2 #2ECC71
106 107 1.4 #F1C40F
106 131 1.36 #F1C40F
107 108 1.5 #F1C40F
107 132 1.13 #2ECC71
108 109 1.82 #E74C3C
108 133 1.29 #2ECC71
109 110 1.04 #2ECC71
109 134 1.65 #F1C40F
110 111 1.11 #2ECC71
110 135 1.51 #F1C40F
111 112 1.61 #F1C40F
111 136 1.75 #E74C3C
112 113 1.17 #2ECC71
112 137 1.14 #2ECC71
113 114 1.82 #E74C3C
113 138 1.13 #2ECC71
114 115 1.69 #E74C3C
114 139 1.05 #2ECC71
115 116 1.78 #E74C3C
115 140 1.87 #E74C3C
116 117 1.16 #2ECC71
116 141 1.68 #E74C3C
117 118 1.55 #F1C40F
117 142 1.08 #2ECC71
118 119 1.07 #2ECC71
118 143 1.62 #F1C40F
119 120 1.06 #2ECC71
119 144 1.59 #F1C40F
120 121 1.21 #2ECC71
120 145 1.13 #2ECC71
121 122 1.71 #E74C3C
121 146 1.22 #2ECC71
122 123 1.58 #F1C40F
122 147 1.89 #E74C3C
123 124 1.4 #F1C40F
123 148 1.99 #E74C3C
124 149 1.95 #E74C3C
125 126 1.38 #F1C40F
125 150 1.86 #E74C3C
126 127 1.27 #2ECC71
126 151 1.51 #F1C40F
127 128 1.1 #2ECC71
127 152 1.56 #F1C40F
128 129 1.74 #E74C3C
128 153 1.69 #E74C3C
129 130 1.94 #E74C3C
129 154 1.86 #E74C3C
130 131 1.99 #E74C3C
130 155 1.94 #E74C3C
131 132 1.04 #2ECC71
131 156 1.27 #2ECC71
132 133 1.19 #2ECC71
132 157 1.75 #E74C3C
133 134 1.35 #F1C40F
133 158 1.15 #2ECC71
134 135 1.98 #E74C3C
134 159 1.65 #F1C40F
135 136 1.96 #E74C3C
135 160 1.08 #2ECC71
136 137 1.66 #F1C40F
136 161 1.82 #E74C3C
137 138 1.23 #2ECC71
137 162 1.27 #2ECC71
138 139 1.09 #2ECC71
138 163 1.88 #E74C3C
139 140 1.67 #E74C3C
139 164 1.45 #F1C40F
140 141 1.31 #2ECC71
140 165 1.75 #E74C3C
141 142 1.65 #F1C40F
141 166 1.26 #2ECC71
142 143 1.45 #F1C40F
142 167 1.55 #F1C40F
143 144 1.28 #2ECC71
143 168 1.31 #2ECC71
144 145 1.72 #E74C3C
144 169 1.17 #2ECC71
145 146 1.38 #F1C40F
145 170 1.02 #2ECC71
146 147 1.51 #F1C40F
146 171 2.0 #E74C3C
147 148 1.94 #E74C3C
147 172 1.82 #E74C3C
148 149 1.51 #F1C40F
148 173 1.02 #2ECC71
149 174 1.87 #E74C3C
150 151 1.45 #F1C40F
150 175 1.29 #2ECC71
151 152 1.54 #F1C40F
151 176 1.23 #2ECC71
152 153 1.6 #F1C40F
152 177 1.77 #E74C3C
153 154 1.14 #2ECC71
153 178 1.12 #2ECC71
154 155 1.65 #F1C40F
154 179 1.18 #2ECC71
155 156 1.52 #F1C40F
155 180 1.57 #F1C40F
156 157 1.15 #2ECC71
156 181 1.78 #E74C3C
157 158 1.18 #2ECC71
157 182 1.32 #2ECC71
158 159 1.85 #E74C3C
158 183 1.86 #E74C3C
159 160 1.97 #E74C3C
159 184 1.42 #F1C40F
160 161 1.47 #F1C40F
160 185 1.95 #E74C3C
161 162 1.06 #2ECC71
161 186 1.04 #2ECC71
162 163 1.58 #F1C40F
162 187 1.48 #F1C40F
163 164 1.48 #F1C40F
163 188 1.92 #E74C3C
164 165 1.07 #2ECC71
164 189 1.36 #F1C40F
165 166 1.36 #F1C40F
165 190 1.78 #E74C3C
166 167 1.0 #2ECC71
166 191 1.17 #2ECC71
167 168 1.35 #F1C40F
167 192 1.97 #E74C3C
168 169 1.2 #2ECC71
168 193 1.45 #F1C40F
169 170 1.63 #F1C40F
169 194 1.49 #F1C40F
170 171 1.76 #E74C3C
170 195 1.13 #2ECC71
171 172 1.59 #F1C40F
171 196 1.17 #2ECC71
172 173 1.36 #F1C40F
172 197 1.52 #F1C40F
173 174 1.25 #2ECC71
173 198 1.01 #2ECC71
174 199 1.37 #F1C40F
175 176 1.98 #E74C3C
175 200 1.66 #F1C40F
176 177 1.36 #F1C40F
176 201 1.55 #F1C40F
177 178 1.29 #2ECC71
177 202 1.46 #F1C40F
178 179 1.75 #E74C3C
178 203 1.56 #F1C40F
179 180 1.74 #E74C3C
179 204 1.68 #E74C3C
180 181 1.69 #E74C3C
180 205 1.96 #E74C3C
181 182 1.15 #2ECC71
181 206 1.45 #F1C40F
182 183 1.11 #2ECC71
182 207 1.42 #F1C40F
183 184 1.39 #F1C40F
183 208 1.82 #E74C3C
184 185 1.58 #F1C40F
184 209 1.07 #2ECC71
185 186 1.91 #E74C3C
185 210 1.08 #2ECC71
186 187 1.34 #F1C40F
186 211 1.14 #2ECC71
187 188 1.85 #E74C3C
187 212 1.4 #F1C40F
188 189 1.8 #E74C3C
188 213 1.03 #2ECC71
189 190 1.14 #2ECC71
189 214 1.5 #F1C40F
190 191 1.48 #F1C40F
190 215 1.75 #E74C3C
191 192 1.95 #E74C3C
191 216 1.4 #F1C40F
192 193 1.82 #E74C3C
192 217 1.85 #E74C3C
193 194 1.69 #E74C3C
193 218 1.45 #F1C40F
194 195 1.76 #E74C3C
194 219 1.92 #E74C3C
195 196 1.77 #E74C3C
195 220 1.51 #F1C40F
196 197 1.27 #2ECC71
196 221 1.81 #E74C3C
197 198 1.44 #F1C40F
197 222 1.42 #F1C40F
198 199 1.19 #2ECC71
198 223 1.21 #2ECC71
199 224 1.05 #2ECC71
200 201 1.64 #F1C40F
200 225 1.77 #E74C3C
201 202 1.22 #2ECC71
201 226 1.35 #F1C40F
202 203 1.23 #2ECC71
202 227 1.99 #E74C3C
203 204 1.96 #E74C3C
203 228 1.03 #2ECC71
204 205 1.85 #E74C3C
204 229 1.9 #E74C3C
205 206 1.32 #2ECC71
205 230 1.7 #E74C3C
206 207 1.65 #F1C40F
206 231 1.14 #2ECC71
207 208 1.83 #E74C3C
207 232 1.97 #E74C3C
208 209 1.24 #2ECC71
208 233 1.69 #E74C3C
209 210 1.78 #E74C3C
209 234 1.39 #F1C40F
210 211 1.66 #F1C40F
210 235 1.27 #2ECC71
211 212 1.88 #E74C3C
211 236 1.33 #2ECC71
212 213 1.15 #2ECC71
212 237 1.98 #E74C3C
213 214 1.06 #2ECC71
213 238 1.53 #F1C40F
214 215 1.54 #F1C40F
214 239 1.28 #2ECC71
215 216 1.87 #E74C3C
215 240 1.36 #F1C40F
216 217 1.09 #2ECC71
216 241 1.45 #F1C40F
217 218 1.44 #F1C40F
217 242 1.25 #2ECC71
218 219 1.33 #2ECC71
218 243 1.24 #2ECC71
219 220 1.68 #E74C3C
219 244 1.38 #F1C40F
220 221 1.38 #F1C40F
220 245 1.31 #2ECC71
221 222 1.88 #E74C3C
221 246 1.13 #2ECC71
222 223 1.32 #2ECC71
222 247 1.71 #E74C3C
223 224 1.37 #F1C40F
223 248 1.24 #2ECC71
224 249 1.73 #E74C3C
225 226 1.97 #E74C3C
225 250 1.85 #E74C3C
226 227 1.03 #2ECC71
226 251 1.17 #2ECC71
227 228 1.38 #F1C40F
227 252 1.56 #F1C40F
228 229 1.52 #F1C40F
228 253 1.44 #F1C40F
229 230 1.4 #F1C40F
229 254 1.48 #F1C40F
230 231 1.66 #F1C40F
230 255 1.62 #F1C40F
231 232 1.89 #E74C3C
231 256 1.58 #F1C40F
232 233 1.02 #2ECC71
232 257 1.92 #E74C3C
233 234 1.05 #2ECC71
233 258 1.47 #F1C40F
234 235 1.83 #E74C3C
234 259 1.9 #E74C3C
235 236 1.78 #E74C3C
235 260 1.86 #E74C3C
236 237 1.29 #2ECC71
236 261 1.25 #2ECC71
237 238 1.45 #F1C40F
237 262 1.93 #E74C3C
238 239 1.82 #E74C3C
238 263 1.89 #E74C3C
239 240 1.31 #2ECC71
239 264 1.69 #E74C3C
240 241 1.84 #E74C3C
240 265 1.56 #F1C40F
241 242 1.67 #E74C3C
241 266 1.63 #F1C40F
242 243 1.93 #E74C3C
242 267 1.52 #F1C40F
243 244 1.71 #E74C3C
243 268 1.17 #2ECC71
244 245 1.77 #E74C3C
244 269 1.33 #2ECC71
245 246 1.92 #E74C3C
245 270 1.02 #2ECC71
246 247 1.68 #E74C3C
246 271 1.59 #F1C40F
247 248 1.46 #F1C40F
247 272 1.46 #F1C40F
248 249 1.99 #E74C3C
248 273 1.23 #2ECC71
249 274 1.08 #2ECC71
250 251 1.59 #F1C40F
250 275 1.11 #2ECC71
251 252 1.55 #F1C40F
251 276 1.6 #F1C40F
252 253 1.89 #E74C3C
252 277 1.12 #2ECC71
253 254 1.07 #2ECC71
253 278 1.82 #E74C3C
254 255 1.44 #F1C40F
254 279 1.15 #2ECC71
255 256 1.76 #E74C3C
255 280 1.62 #F1C40F
256 257 1.04 #2ECC71
256 281 1.46 #F1C40F
257 258 1.43 #F1C40F
257 282 1.57 #F1C40F
258 259 1.26 #2ECC71
258 283 1.52 #F1C40F
259 260 1.06 #2ECC71
259 284 1.64 #F1C40F
260 261 1.25 #2ECC71
260 285 1.24 #2ECC71
261 262 1.91 #E74C3C
261 286 1.49 #F1C40F
262 263 1.18 #2ECC71
262 287 1.55 #F1C40F
263 264 1.21 #2ECC71
263 288 1.64 #F1C40F
264 265 1.7 #E74C3C
264 289 1.02 #2ECC71
265 266 1.17 #2ECC71
265 290 1.06 #2ECC71
266 267 1.19 #2ECC71
266 291 1.98 #E74C3C
267 268 1.2 #2ECC71
267 292 1.76 #E74C3C
268 269 1.62 #F1C40F
268 293 1.18 #2ECC71
269 270 1.24 #2ECC71
269 294 1.54 #F1C40F
270 271 1.01 #2ECC71
270 295 1.75 #E74C3C
271 272 1.88 #E74C3C
271 296 1.72 #E74C3C
272 273 1.86 #E74C3C
272 297 1.66 #F1C40F
273 274 1.51 #F1C40F
273 298 1.69 #E74C3C
274 299 1.98 #E74C3C
275 276 1.04 #2ECC71
275 300 1.05 #2ECC71
276 277 1.66 #F1C40F
276 301 1.82 #E74C3C
277 278 1.7 #E74C3C
277 302 1.9 #E74C3C
278 279 1.57 #F1C40F
278 303 1.14 #2ECC71
279 280 1.3 #2ECC71
279 304 1.34 #F1C40F
280 281 1.43 #F1C40F
280 305 1.1 #2ECC71
281 282 1.15 #2ECC71
281 306 1.06 #2ECC71
282 283 1.46 #F1C40F
282 307 1.69 #E74C3C
283 284 1.46 #F1C40F
283 308 1.81 #E74C3C
284 285 1.71 #E74C3C
284 309 1.41 #F1C40F
285 286 1.15 #2ECC71
285 310 2.0 #E74C3C
286 287 1.26 #2ECC71
286 311 1.71 #E74C3C
287 288 1.45 #F1C40F
287 312 1.37 #F1C40F
288 289 1.29 #2ECC71
288 313 1.82 #E74C3C
289 290 1.91 #E74C3C
289 314 1.63 #F1C40F
290 291 1.86 #E74C3C
290 315 1.6 #F1C40F
291 292 1.17 #2ECC71
291 316 1.92 #E74C3C
292 293 1.85 #E74C3C
292 317 1.21 #2ECC71
293 294 1.21 #2ECC71
293 318 1.62 #F1C40F
294 295 1.83 #E74C3C
294 319 1.88 #E74C3C
295 296 1.18 #2ECC71
295 320 1.28 #2ECC71
296 297 1.93 #E74C3C
296 321 1.97 #E74C3C
297 298 1.54 #F1C40F
297 322 1.8 #E74C3C
298 299 1.73 #E74C3C
298 323 1.59 #F1C40F
299 324 1.38 #F1C40F
300 301 1.79 #E74C3C
300 325 1.83 #E74C3C
301 302 1.95 #E74C3C
301 326 1.58 #F1C40F
302 303 1.36 #F1C40F
302 327 1.59 #F1C40F
303 304 1.76 #E74C3C
303 328 1.68 #E74C3C
304 305 1.2 #2ECC71
304 329 1.1 #2ECC71
305 306 1.38 #F1C40F
305 330 1.64 #F1C40F
306 307 1.78 #E74C3C
306 331 1.96 #E74C3C
307 308 1.09 #2ECC71
307 332 1.47 #F1C40F
308 309 1.16 #2ECC71
308 333 1.2 #2ECC71
309 310 1.24 #2ECC71
309 334 1.71 #E74C3C
310 311 1.16 #2ECC71
310 335 1.4 #F1C40F
311 312 1.7 #E74C3C
311 336 1.81 #E74C3C
312 313 1.33 #2ECC71
312 337 1.38 #F1C40F
313 314 1.09 #2ECC71
313 338 1.35 #F1C40F
314 315 1.43 #F1C40F
314 339 1.78 #E74C3C
315 316 1.4 #F1C40F
315 340 1.03 #2ECC71
316 317 1.9 #E74C3C
316 341 1.0 #2ECC71
317 318 1.93 #E74C3C
317 342 1.89 #E74C3C
318 319 1.24 #2ECC71
318 343 1.52 #F1C40F
319 320 1.0 #2ECC71
319 344 1.97 #E74C3C
320 321 1.1 #2ECC71
320 345 1.78 #E74C3C
321 322 1.46 #F1C40F
321 346 1.04 #2ECC71
322 323 1.83 #E74C3C
322 347 1.34 #F1C40F
323 324 1.75 #E74C3C
323 348 1.84 #E74C3C
324 349 1.94 #E74C3C
325 326 1.07 #2ECC71
325 350 1.33 #2ECC71
326 327 1.65 #F1C40F
326 351 1.78 #E74C3C
327 328 1.4 #F1C40F
327 352 1.33 #2ECC71
328 329 1.07 #2ECC71
328 353 1.7 #E74C3C
329 330 1.64 #F1C40F
329 354 1.82 #E74C3C
330 331 1.33 #2ECC71
330 355 1.27 #2ECC71
331 332 1.12 #2ECC71
331 356 1.62 #F1C40F
332 333 1.43 #F1C40F
332 357 1.84 #E74C3C
333 334 1.92 #E74C3C
333 358 1.97 #E74C3C
334 335 1.2 #2ECC71
334 359 1.81 #E74C3C
335 336 1.07 #2ECC71
335 360 1.42 #F1C40F
336 337 1.36 #F1C40F
336 361 1.17 #2ECC71
337 338 1.24 #2ECC71
337 362 1.6 #F1C40F
338 339 1.16 #2ECC71
338 363 1.06 #2ECC71
339 340 1.83 #E74C3C
339 364 1.36 #F1C40F
340 341 1.82 #E74C3C
340 365 1.92 #E74C3C
341 342 1.35 #F1C40F
341 366 1.18 #2ECC71
342 343 1.01 #2ECC71
342 367 1.36 #F1C40F
343 344 1.35 #F1C40F
343 368 1.86 #E74C3C
344 345 1.96 #E74C3C
344 369 1.74 #E74C3C
345 346 1.99 #E74C3C
345 370 1.32 #2ECC71
346 347 1.67 #E74C3C
346 371 1.11 #2ECC71
347 348 1.65 #F1C40F
347 372 1.06 #2ECC71
348 349 1.9 #E74C3C
348 373 1.43 #F1C40F
349 374 1.83 #E74C3C
350 351 1.15 #2ECC71
350 375 1.11 #2ECC71
351 352 1.1 #2ECC71
351 376 1.73 #E74C3C
352 353 1.41 #F1C40F
352 377 1.88 #E74C3C
353 354 1.69 #E74C3C
353 378 1.96 #E74C3C
354 355 1.2 #2ECC71
354 379 1.48 #F1C40F
355 356 1.34 #F1C40F
355 380 1.74 #E74C3C
356 357 1.11 #2ECC71
356 381 1.66 #F1C40F
357 358 1.82 #E74C3C
357 382 1.54 #F1C40F
358 359 1.28 #2ECC71
358 383 1.16 #2ECC71
359 360 1.38 #F1C40F
359 384 1.47 #F1C40F
360 361 1.94 #E74C3C
360 385 1.61 #F1C40F
361 362 1.38 #F1C40F
361 386 1.39 #F1C40F
362 363 1.02 #2ECC71
362 387 1.43 #F1C40F
363 364 1.99 #E74C3C
363 388 1.33 #2ECC71
364 365 1.64 #F1C40F
364 389 1.76 #E74C3C
365 366 1.14 #2ECC71
365 390 1.95 #E74C3C
366 367 1.47 #F1C40F
366 391 1.75 #E74C3C
367 368 1.05 #2ECC71
367 392 1.52 #F1C40F
368 369 1.07 #2ECC71
368 393 1.39 #F1C40F
369 370 1.97 #E74C3C
369 394 1.32 #2ECC71
370 371 1.62 #F1C40F
370 395 1.24 #2ECC71
371 372 1.29 #2ECC71
371 396 1.84 #E74C3C
372 373 1.52 #F1C40F
372 397 1.42 #F1C40F
373 374 1.02 #2ECC71
373 398 1.38 #F1C40F
374 399 1.56 #F1C40F
375 376 2.0 #E74C3C
375 400 1.62 #F1C40F
376 377 1.96 #E74C3C
376 401 1.96 #E74C3C
377 378 1.49 #F1C40F
377 402 1.96 #E74C3C
378 379 1.13 #2ECC71
378 403 1.65 #F1C40F
379 380 1.66 #F1C40F
379 404 1.26 #2ECC71
380 381 1.14 #2ECC71
380 405 1.03 #2ECC71
381 382 1.89 #E74C3C
381 406 1.95 #E74C3C
382 383 1.59 #F1C40F
382 407 1.17 #2ECC71
383 384 1.27 #2ECC71
383 408 1.6 #F1C40F
384 385 1.06 #2ECC71
384 409 1.48 #F1C40F
385 386 1.96 #E74C3C
385 410 1.91 #E74C3C
386 387 1.06 #2ECC71
386 411 1.35 #F1C40F
387 388 1.97 #E74C3C
387 412 1.55 #F1C40F
388 389 1.5 #F1C40F
388 413 1.79 #E74C3C
389 390 1.31 #2ECC71
389 414 1.38 #F1C40F
390 391 1.04 #2ECC71
390 415 1.38 #F1C40F
391 392 1.77 #E74C3C
391 416 1.04 #2ECC71
392 393 1.77 #E74C3C
392 417 1.37 #F1C40F
393 394 1.38 #F1C40F
393 418 1.72 #E74C3C
394 395 1.44 #F1C40F
394 419 1.12 #2ECC71
395 396 1.74 #E74C3C
395 420 1.03 #2ECC71
396 397 1.7 #E74C3C
396 421 1.16 #2ECC71
397 398 1.18 #2ECC71
397 422 1.65 #F1C40F
398 399 1.78 #E74C3C
398 423 1.72 #E74C3C
399 424 1.01 #2ECC71
400 401 1.43 #F1C40F
400 425 1.23 #2ECC71
401 402 1.23 #2ECC71
401 426 1.78 #E74C3C
402 403 1.52 #F1C40F
402 427 1.26 #2ECC71
403 404 1.25 #2ECC71
403 428 1.55 #F1C40F
404 405 1.98 #E74C3C
404 429 1.48 #F1C40F
405 406 1.26 #2ECC71
405 430 1.17 #2ECC71
406 407 1.99 #E74C3C
406 431 1.87 #E74C3C
407 408 1.15 #2ECC71
407 432 1.2 #2ECC71
408 409 1.62 #F1C40F
408 433 1.64 #F1C40F
409 410 1.15 #2ECC71
409 434 1.29 #2ECC71
410 411 1.16 #2ECC71
410 435 1.8 #E74C3C
411 412 1.18 #2ECC71
411 436 1.6 #F1C40F
412 413 1.68 #E74C3C
412 437 1.69 #E74C3C
413 414 1.83 #E74C3C
413 438 1.23 #2ECC71
414 415 1.68 #E74C3C
414 439 1.34 #F1C40F
415 416 1.78 #E74C3C
415 440 1.76 #E74C3C
416 417 1.3 #2ECC71
416 441 1.12 #2ECC71
417 418 1.32 #2ECC71
417 442 1.77 #E74C3C
418 419 1.4 #F1C40F
418 443 1.57 #F1C40F
419 420 1.47 #F1C40F
419 444 1.03 #2ECC71
420 421 1.88 #E74C3C
420 445 1.96 #E74C3C
421 422 1.3 #2ECC71
421 446 1.74 #E74C3C
422 423 1.77 #E74C3C
422 447 1.07 #2ECC71
423 424 1.04 #2ECC71
423 448 1.99 #E74C3C
424 449 1.42 #F1C40F
425 426 1.73 #E74C3C
425 450 1.92 #E74C3C
426 427 1.8 #E74C3C
426 451 1.37 #F1C40F
427 428 1.92 #E74C3C
427 452 1.03 #2ECC71
428 429 1.67 #E74C3C
428 453 1.34 #F1C40F
429 430 1.01 #2ECC71
429 454 1.7 #E74C3C
430 431 1.77 #E74C3C
430 455 1.78 #E74C3C
431 432 1.2 #2ECC71
431 456 1.1 #2ECC71
432 433 1.32 #2ECC71
432 457 1.03 #2ECC71
433 434 1.42 #F1C40F
433 458 1.76 #E74C3C
434 435 1.51 #F1C40F
434 459 1.48 #F1C40F
435 436 1.29 #2ECC71
435 460 1.95 #E74C3C
436 437 1.34 #F1C40F
436 461 1.71 #E74C3C
437 438 1.71 #E74C3C
437 462 1.36 #F1C40F
438 439 1.99 #E74C3C
438 463 1.6 #F1C40F
439 440 1.81 #E74C3C
439 464 1.29 #2ECC71
440 441 1.81 #E74C3C
440 465 1.05 #2ECC71
441 442 1.41 #F1C40F
441 466 1.14 #2ECC71
442 443 1.65 #F1C40F
442 467 1.34 #F1C40F
443 444 1.92 #E74C3C
443 468 1.77 #E74C3C
444 445 1.75 #E74C3C
444 469 1.26 #2ECC71
445 446 1.12 #2ECC71
445 470 1.23 #2ECC71
446 447 1.92 #E74C3C
446 471 1.37 #F1C40F
447 448 1.19 #2ECC71
447 472 1.47 #F1C40F
448 449 1.36 #F1C40F
448 473 1.41 #F1C40F
449 474 1.79 #E74C3C
450 451 1.62 #F1C40F
450 475 1.25 #2ECC71
451 452 1.06 #2ECC71
451 476 1.75 #E74C3C
452 453 1.89 #E74C3C
452 477 1.48 #F1C40F
453 454 1.2 #2ECC71
453 478 1.47 #F1C40F
454 455 1.57 #F1C40F
454 479 1.83 #E74C3C
455 456 1.71 #E74C3C
455 480 1.03 #2ECC71
456 457 1.92 #E74C3C
456 481 1.06 #2ECC71
457 458 1.75 #E74C3C
457 482 1.75 #E74C3C
458 459 1.51 #F1C40F
458 483 1.6 #F1C40F
459 460 1.54 #F1C40F
459 484 1.57 #F1C40F
460 461 1.53 #F1C40F
460 485 1.36 #F1C40F
461 462 1.9 #E74C3C
461 486 1.02 #2ECC71
462 463 1.53 #F1C40F
462 487 1.46 #F1C40F
463 464 1.48 #F1C40F
463 488 1.56 #F1C40F
464 465 1.72 #E74C3C
464 489 1.25 #2ECC71
465 466 1.65 #F1C40F
465 490 1.31 #2ECC71
466 467 1.42 #F1C40F
466 491 1.93 #E74C3C
467 468 1.93 #E74C3C
467 492 1.92 #E74C3C
468 469 1.86 #E74C3C
468 493 1.95 #E74C3C
469 470 1.52 #F1C40F
469 494 1.94 #E74C3C
470 471 1.47 #F1C40F
470 495 1.3 #2ECC71
471 472 1.87 #E74C3C
471 496 1.11 #2ECC71
472 473 1.84 #E74C3C
472 497 1.95 #E74C3C
473 474 1.22 #2ECC71
473 498 1.46 #F1C40F
474 499 1.0 #2ECC71
475 476 1.82 #E74C3C
475 500 1.54 #F1C40F
476 477 1.92 #E74C3C
476 501 1.06 #2ECC71
477 478 1.54 #F1C40F
477 502 1.59 #F1C40F
478 479 1.35 #F1C40F
478 503 1.73 #E74C3C
479 480 1.9 #E74C3C
479 504 1.97 #E74C3C
480 481 1.08 #2ECC71
480 505 1.78 #E74C3C
481 482 1.18 #2ECC71
481 506 1.61 #F1C40F
482 483 1.09 #2ECC71
482 507 1.62 #F1C40F
483 484 1.41 #F1C40F
483 508 1.52 #F1C40F
484 485 1.21 #2ECC71
484 509 1.89 #E74C3C
485 486 1.56 #F1C40F
485 510 1.37 #F1C40F
486 487 1.93 #E74C3C
486 511 1.11 #2ECC71
487 488 1.72 #E74C3C
487 512 1.31 #2ECC71
488 489 1.37 #F1C40F
488 513 1.6 #F1C40F
489 490 1.63 #F1C40F
489 514 1.7 #E74C3C
490 491 1.37 #F1C40F
490 515 1.24 #2ECC71
491 492 1.12 #2ECC71
491 516 1.87 #E74C3C
492 493 1.74 #E74C3C
492 517 1.42 #F1C40F
493 494 1.62 #F1C40F
493 518 1.78 #E74C3C
494 495 1.24 #2ECC71
494 519 1.78 #E74C3C
495 496 1.08 #2ECC71
495 520 1.67 #E74C3C
496 497 1.26 #2ECC71
496 521 1.14 #2ECC71
497 498 1.39 #F1C40F
497 522 1.29 #2ECC71
498 499 1.14 #2ECC71
498 523 1.07 #2ECC71
499 524 1.53 #F1C40F
500 501 1.38 #F1C40F
500 525 1.46 #F1C40F
501 502 1.96 #E74C3C
501 526 1.72 #E74C3C
502 503 1.93 #E74C3C
502 527 1.67 #E74C3C
503 504 1.83 #E74C3C
503 528 1.38 #F1C40F
504 505 1.65 #F1C40F
504 529 1.84 #E74C3C
505 506 1.74 #E74C3C
505 530 1.0 #2ECC71
506 507 1.94 #E74C3C
506 531 1.1 #2ECC71
507 508 1.6 #F1C40F
507 532 1.44 #F1C40F
508 509 1.04 #2ECC71
508 533 1.2 #2ECC71
509 510 1.43 #F1C40F
509 534 1.92 #E74C3C
510 511 1.77 #E74C3C
510 535 1.45 #F1C40F
511 512 1.13 #2ECC71
511 536 1.94 #E74C3C
512 513 1.24 #2ECC71
512 537 1.9 #E74C3C
513 514 1.99 #E74C3C
513 538 1.47 #F1C40F
514 515 1.61 #F1C40F
514 539 1.37 #F1C40F
515 516 1.41 #F1C40F
515 540 1.92 #E74C3C
516 517 1.74 #E74C3C
516 541 1.58 #F1C40F
517 518 1.83 #E74C3C
517 542 1.93 #E74C3C
518 519 1.04 #2ECC71
518 543 1.43 #F1C40F
519 520 1.12 #2ECC71
519 544 1.89 #E74C3C
520 521 1.44 #F1C40F
520 545 1.74 #E74C3C
521 522 1.6 #F1C40F
521 546 1.02 #2ECC71
522 523 1.75 #E74C3C
522 547 1.04 #2ECC71
523 524 1.42 #F1C40F
523 548 1.24 #2ECC71
524 549 1.21 #2ECC71
525 526 1.99 #E74C3C
525 550 1.9 #E74C3C
526 527 1.5 #F1C40F
526 551 1.44 #F1C40F
527 528 1.35 #F1C40F
527 552 1.65 #F1C40F
528 529 1.08 #2ECC71
528 553 1.39 #F1C40F
529 530 1.11 #2ECC71
529 554 1.56 #F1C40F
530 531 1.87 #E74C3C
530 555 1.14 #2ECC71
531 532 1.94 #E74C3C
531 556 1.03 #2ECC71
532 533 1.25 #2ECC71
532 557 1.83 #E74C3C
533 534 1.6 #F1C40F
533 558 1.44 #F1C40F
534 535 1.93 #E74C3C
534 559 1.77 #E74C3C
535 536 1.37 #F1C40F
535 560 1.56 #F1C40F
536 537 1.54 #F1C40F
536 561 1.69 #E74C3C
537 538 1.88 #E74C3C
537 562 1.21 #2ECC71
538 539 1.83 #E74C3C
538 563 1.33 #2ECC71
539 540 1.98 #E74C3C
539 564 1.33 #2ECC71
540 541 1.23 #2ECC71
540 565 1.01 #2ECC71
541 542 1.46 #F1C40F
541 566 1.05 #2ECC71
542 543 1.73 #E74C3C
542 567 1.75 #E74C3C
543 544 1.0 #2ECC71
543 568 1.73 #E74C3C
544 545 1.32 #2ECC71
544 569 1.75 #E74C3C
545 546 1.33 #2ECC71
545 570 1.36 #F1C40F
546 547 1.32 #2ECC71
546 571 1.86 #E74C3C
547 548 1.14 #2ECC71
547 572 1.42 #F1C40F
548 549 1.67 #E74C3C
548 573 1.47 #F1C40F
549 574 1.84 #E74C3C
550 551 1.42 #F1C40F
550 575 1.97 #E74C3C
551 552 1.68 #E74C3C
551 576 1.67 #E74C3C
552 553 1.96 #E74C3C
552 577 1.83 #E74C3C
553 554 1.36 #F1C40F
553 578 1.69 #E74C3C
554 555 1.9 #E74C3C
554 579 1.73 #E74C3C
555 556 1.12 #2ECC71
555 580 1.49 #F1C40F
556 557 1.63 #F1C40F
556 581 1.21 #2ECC71
557 558 1.34 #F1C40F
557 582 2.0 #E74C3C
558 559 1.29 #2ECC71
558 583 1.93 #E74C3C
559 560 1.16 #2ECC71
559 584 1.24 #2ECC71
560 561 1.33 #2ECC71
560 585 1.22 #2ECC71
561 562 1.58 #F1C40F
561 586 1.83 #E74C3C
562 563 1.55 #F1C40F
562 587 1.65 #F1C40F
563 564 1.59 #F1C40F
563 588 1.68 #E74C3C
564 565 1.33 #2ECC71
564 589 1.37 #F1C40F
565 566 1.53 #F1C40F
565 590 1.24 #2ECC71
566 567 1.25 #2ECC71
566 591 1.59 #F1C40F
567 568 1.38 #F1C40F
567 592 1.1 #2ECC71
568 569 1.92 #E74C3C
568 593 1.54 #F1C40F
569 570 1.43 #F1C40F
569 594 1.83 #E74C3C
570 571 1.47 #F1C40F
570 595 1.42 #F1C40F
571 572 1.8 #E74C3C
571 596 2.0 #E74C3C
572 573 1.61 #F1C40F
572 597 1.67 #E74C3C
573 574 1.97 #E74C3C
573 598 1.99 #E74C3C
574 599 1.56 #F1C40F
575 576 1.92 #E74C3C
575 600 1.54 #F1C40F
576 577 1.76 #E74C3C
576 601 1.79 #E74C3C
577 578 1.06 #2ECC71
577 602 1.32 #2ECC71
578 579 1.88 #E74C3C
578 603 1.35 #F1C40F
579 580 1.35 #F1C40F
579 604 1.7 #E74C3C
580 581 1.09 #2ECC71
580 605 1.32 #2ECC71
581 582 1.24 #2ECC71
581 606 1.53 #F1C40F
582 583 1.11 #2ECC71
582 607 1.34 #F1C40F
583 584 1.1 #2ECC71
583 608 1.61 #F1C40F
584 585 1.16 #2ECC71
584 609 1.08 #2ECC71
585 586 1.44 #F1C40F
585 610 1.05 #2ECC71
586 587 1.06 #2ECC71
586 611 1.1 #2ECC71
587 588 1.32 #2ECC71
587 612 1.42 #F1C40F
588 589 1.32 #2ECC71
588 613 1.87 #E74C3C
589 590 1.5 #F1C40F
589 614 1.59 #F1C40F
590 591 1.6 #F1C40F
590 615 1.59 #F1C40F
591 592 1.4 #F1C40F
591 616 1.57 #F1C40F
592 593 1.03 #2ECC71
592 617 1.01 #2ECC71
593 594 1.23 #2ECC71
593 618 1.76 #E74C3C
594 595 1.65 #F1C40F
594 619 1.09 #2ECC71
595 596 1.92 #E74C3C
595 620 1.51 #F1C40F
596 597 1.47 #F1C40F
596 621 1.66 #F1C40F
597 598 1.36 #F1C40F
597 622 1.33 #2ECC71
598 599 1.35 #F1C40F
598 623 1.57 #F1C40F
599 624 1.67 #E74C3C
600 601 1.17 #2ECC71
601 602 1.25 #2ECC71
602 603 1.47 #F1C40F
603 604 1.69 #E74C3C
604 605 1.87 #E74C3C
605 606 1.25 #2ECC71
606 607 1.58 #F1C40F
607 608 1.86 #E74C3C
608 609 1.6 #F1C40F
609 610 1.87 #E74C3C
610 611 1.51 #F1C40F
611 612 1.55 #F1C40F
612 613 1.27 #2ECC71
613 614 1.82 #E74C3C
614 615 1.45 #F1C40F
615 616 1.62 #F1C40F
616 617 1.69 #E74C3C
617 618 1.19 #2ECC71
618 619 1.75 #E74C3C
619 620 1.6 #F1C40F
620 621 1.02 #2ECC71
621 622 1.7 #E74C3C
622 623 1.71 #E74C3C
623 624 1.53 #F1C40F
